10/10 [==============================] - 0s 1ms/step
10/10 [==============================] - 0s 1ms/step
10/10 [==============================] - 0s 1ms/step
10/10 [==============================] - 0s 1ms/step
10/10 [==============================] - 0s 1ms/step
10/10 [==============================] - 0s 1ms/step
10/10 [==============================] - 0s 984us/step
10/10 [==============================] - 0s 984us/step
10/10 [==============================] - 0s 897us/step
10/10 [==============================] - 0s 1ms/step
10/10 [==============================] - 0s 1ms/step
10/10 [==============================] - 0s 1ms/step
10/10 [==============================] - 0s 987us/step
10/10 [==============================] - 0s 871us/step
10/10 [==============================] - 0s 1ms/step
10/10 [==============================] - 0s 2ms/step
10/10 [==============================] - 0s 2ms/step
10/10 [==============================] - 0s 1ms/step
10/10 [==============================] - 0s 2ms/step
10/10 [==============================] - 0s 1ms/step
10/10 [==============================] - 0s 2ms/step
df_final
        gini  Decision Tree  Neural Network  Random Forest       SVM  \
0   0.490833       0.779661        0.813559       0.864407  0.661017   
1   0.469458       0.762712        0.762712       0.864407  0.661017   
2   0.471956       0.779661        0.813559       0.830508  0.661017   
3   0.433354       0.796610        0.779661       0.847458  0.661017   
4   0.330599       0.728814        0.677966       0.847458  0.661017   
5   0.488195       0.779661        0.830508       0.813559  0.661017   
6   0.428867       0.779661        0.779661       0.864407  0.661017   
7   0.484763       0.779661        0.745763       0.864407  0.661017   
8   0.490931       0.779661        0.847458       0.813559  0.661017   
9   0.469392       0.728814        0.711864       0.830508  0.661017   
10  0.418463       0.779661        0.576271       0.847458  0.661017   
11  0.368724       0.779661        0.779661       0.847458  0.661017   
12  0.488237       0.779661        0.779661       0.847458  0.661017   
13  0.451348       0.745763        0.644068       0.830508  0.661017   
14  0.475528       0.779661        0.796610       0.864407  0.661017   
15  0.484732       0.779661        0.762712       0.847458  0.661017   
16  0.463958       0.762712        0.762712       0.847458  0.661017   
17  0.467868       0.745763        0.728814       0.847458  0.661017   
18  0.451856       0.694915        0.796610       0.847458  0.661017   
19  0.463897       0.779661        0.779661       0.847458  0.661017   

    Logistic Regression   XGBoost  
0              0.796610  0.847458  
1              0.830508  0.864407  
2              0.830508  0.830508  
3              0.830508  0.847458  
4              0.796610  0.830508  
5              0.796610  0.864407  
6              0.830508  0.813559  
7              0.830508  0.813559  
8              0.796610  0.830508  
9              0.813559  0.830508  
10             0.796610  0.864407  
11             0.830508  0.830508  
12             0.830508  0.847458  
13             0.813559  0.830508  
14             0.830508  0.847458  
15             0.830508  0.847458  
16             0.830508  0.830508  
17             0.830508  0.830508  
18             0.796610  0.796610  
19             0.830508  0.830508  
Calculo de score
0     0.490833
1     0.469458
2     0.471956
3     0.433354
4     0.330599
5     0.488195
6     0.428867
7     0.484763
8     0.490931
9     0.469392
10    0.418463
11    0.368724
12    0.488237
13    0.451348
14    0.475528
15    0.484732
16    0.463958
17    0.467868
18    0.451856
19    0.463897
Name: gini, dtype: float64
|---------------------------------------------------------------------------|

0     0.768354
1     0.748262
2     0.768354
3     0.787944
4     0.712299
5     0.768354
6     0.768354
7     0.768354
8     0.768354
9     0.717259
10    0.768354
11    0.768354
12    0.768354
13    0.732717
14    0.768354
15    0.768354
16    0.748262
17    0.736933
18    0.681917
19    0.768354
Name: F1 Decision Tree, dtype: float64
Calculo de score
0     0.490833
1     0.469458
2     0.471956
3     0.433354
4     0.330599
5     0.488195
6     0.428867
7     0.484763
8     0.490931
9     0.469392
10    0.418463
11    0.368724
12    0.488237
13    0.451348
14    0.475528
15    0.484732
16    0.463958
17    0.467868
18    0.451856
19    0.463897
Name: gini, dtype: float64
|---------------------------------------------------------------------------|

0     0.809586
1     0.763257
2     0.809586
3     0.780548
4     0.673133
5     0.823287
6     0.779009
7     0.721501
8     0.842160
9     0.710041
10    0.544272
11    0.758634
12    0.768354
13    0.629901
14    0.779750
15    0.752602
16    0.743042
17    0.728034
18    0.784224
19    0.780812
Name: F1 Neural Network, dtype: float64
Calculo de score
0     0.490833
1     0.469458
2     0.471956
3     0.433354
4     0.330599
5     0.488195
6     0.428867
7     0.484763
8     0.490931
9     0.469392
10    0.418463
11    0.368724
12    0.488237
13    0.451348
14    0.475528
15    0.484732
16    0.463958
17    0.467868
18    0.451856
19    0.463897
Name: gini, dtype: float64
|---------------------------------------------------------------------------|

0     0.858630
1     0.858630
2     0.820187
3     0.842160
4     0.842160
5     0.803992
6     0.858630
7     0.858630
8     0.807084
9     0.823287
10    0.839630
11    0.839630
12    0.839630
13    0.823287
14    0.860659
15    0.842160
16    0.839630
17    0.839630
18    0.842160
19    0.842160
Name: F1 Random Forest, dtype: float64
Calculo de score
0     0.490833
1     0.469458
2     0.471956
3     0.433354
4     0.330599
5     0.488195
6     0.428867
7     0.484763
8     0.490931
9     0.469392
10    0.418463
11    0.368724
12    0.488237
13    0.451348
14    0.475528
15    0.484732
16    0.463958
17    0.467868
18    0.451856
19    0.463897
Name: gini, dtype: float64
|---------------------------------------------------------------------------|

0     0.632917
1     0.632917
2     0.632917
3     0.632917
4     0.632917
5     0.632917
6     0.632917
7     0.632917
8     0.632917
9     0.632917
10    0.632917
11    0.632917
12    0.632917
13    0.632917
14    0.632917
15    0.632917
16    0.632917
17    0.632917
18    0.632917
19    0.632917
Name: F1 SVM, dtype: float64
Calculo de score
0     0.490833
1     0.469458
2     0.471956
3     0.433354
4     0.330599
5     0.488195
6     0.428867
7     0.484763
8     0.490931
9     0.469392
10    0.418463
11    0.368724
12    0.488237
13    0.451348
14    0.475528
15    0.484732
16    0.463958
17    0.467868
18    0.451856
19    0.463897
Name: gini, dtype: float64
|---------------------------------------------------------------------------|

0     0.787944
1     0.820187
2     0.820187
3     0.820187
4     0.787944
5     0.787944
6     0.820187
7     0.820187
8     0.787944
9     0.807084
10    0.787944
11    0.820187
12    0.820187
13    0.807084
14    0.820187
15    0.820187
16    0.820187
17    0.820187
18    0.787944
19    0.820187
Name: F1 Logistic Regression, dtype: float64
Calculo de score
0     0.490833
1     0.469458
2     0.471956
3     0.433354
4     0.330599
5     0.488195
6     0.428867
7     0.484763
8     0.490931
9     0.469392
10    0.418463
11    0.368724
12    0.488237
13    0.451348
14    0.475528
15    0.484732
16    0.463958
17    0.467868
18    0.451856
19    0.463897
Name: gini, dtype: float64
|---------------------------------------------------------------------------|

0     0.842160
1     0.860659
2     0.823287
3     0.842160
4     0.823287
5     0.862278
6     0.807084
7     0.803992
8     0.823287
9     0.823287
10    0.860659
11    0.823287
12    0.842160
13    0.823287
14    0.842160
15    0.842160
16    0.823287
17    0.823287
18    0.787944
19    0.823287
Name: F1 XGBoost, dtype: float64
c:\ProgramData\anaconda3\Lib\site-packages\scipy\stats\_stats_py.py:4781: ConstantInputWarning: An input array is constant; the correlation coefficient is not defined.
  warnings.warn(stats.ConstantInputWarning(msg))
